
7992	1416	5473	295	646
4631	7680	1104	5093	638
3300	447	8109	8370	4051
718	6648	7346	664	4360
3761	2435	9566	6948	9764
2259	3948	5947	8915	3310
8720	1566	4460	1364	7935
638	9821	4579	7238	800
1823	1592	2517	7662	3724
7801	7926	4297	9926	7197
119	6046	2771	7839	7665
1713	866	3276	1494	3673
1192	777	2412	8934	5139
2578	5254	596	4364	4396
9064	4914	3795	5493	28
8268	6841	7084	4709	9332
2716	7608	3853	5453	4346
7277	1126	1623	6392	3678
3918	5500	777	7400	6472
3036	2543	412	5040	8398
7189	8408	9956	5689	1910
6841	5969	2856	7144	8336
519	2365	8058	1391	3251
1735	9500	1501	4482	8387
8331	9468	6083	6205	1474
475	4267	8435	1789	3971
1055	9817	975	9050	6955
5681	6560	3620	8014	2134
7078	1745	208	2967	2235
2964	1174	8348	5789	8871
3632	2273	6831	6967	4878
9898	3676	4863	3768	1697
3914	8632	6294	3152	9588
915	9994	7129	3989	7153
6344	3652	1256	3364	5928
4659	4874	4730	8966	8844
5330	131	9643	3805	3354
7795	1042	3595	103	8963
2210	1735	4066	4230	1454
3024	3568	1761	9381	9489
8891	1861	2521	1060	3447
6142	9492	5760	1577	3314
312	5074	286	7328	2543
5929	9746	2293	7740	3846
6970	3120	2731	6850	5013
8628	7412	6080	8956	6762
6435	2442	3519	4176	3463
3639	7643	7147	5988	2880
2984	8818	7602	3414	6752
7277	9038	2349	5943	1477
4305	8745	4507	3347	6617
6586	4497	8943	330	2128
9385	9726	1543	1246	8534
7166	9408	4634	340	3428
5395	1499	2	692	4043
8756	5019	4343	5661	5044
2994	2332	7720	2048	7268
1955	422	5396	6995	7557
8248	9641	4283	9271	9522
91	1463	1373	1068	6128
5309	9204	371	3629	9837
5652	154	3426	7827	1959
4326	5345	3718	6932	4102
8173	9282	7864	5921	6262
9273	3974	4590	835	5075
2137	3353	6247	9992	5531
4243	5321	7309	4693	7083
1440	3716	1879	3916	2025
6735	226	6084	1713	1412
3977	4875	289	1946	8857
6055	9885	7720	7563	6999
6808	6358	5481	963	9127
4323	962	1392	5837	2296
8050	8151	9451	2318	2548
3080	1197	8346	8352	1172
4492	2513	6107	9339	8673
6727	3006	6081	3817	1581
188	4750	5676	6954	4464
9313	6438	1246	3396	4144
3212	5644	5564	2882	9225
304	878	2440	725	9148
307	7566	7701	3085	3523
4980	4085	4188	1751	1414
2815	1566	5610	2259	4132
6711	1466	5369	5665	648
7425	3761	2869	7249	6705
9157	203	1605	5153	3212
5094	1543	1482	5857	1332
5696	8251	9305	2196	8550
993	3233	9241	2720	4533
7953	8940	1717	27	6428
3945	1690	1150	2675	5916
7325	3981	5116	5862	2642
1727	5419	9443	9551	361
7989	3720	9188	5649	6652
4515	8314	2589	8925	7244
383	6507	2896	411	3467
7328	621	9939	5018	7317
2370	9191	1942	3167	195
7366	7371	6472	7448	7815
4369	5700	4855	1069	8176
3745	3250	4357	6102	8339
155	5459	3309	9596	1622
6085	1061	1910	4129	4310
6986	5754	5196	3593	4056
3785	1406	7300	7281	5255
3634	6555	1763	273	5783
8574	8032	4517	1017	7475
7262	4326	4142	4407	5077
3384	6101	6858	3773	6984
9555	3219	8457	4077	2305
7453	7265	7678	4663	8404
3678	844	7560	4677	6590
2045	4291	1132	2297	789
5222	7209	7386	9728	422
5527	3214	133	9628	3710
2113	4401	2486	1986	6558
8889	3159	2580	6660	59
9835	5558	6453	5981	3367
3194	4714	2888	3243	6423
1289	9428	5382	1561	7648
8960	2381	1430	992	9926
238	8054	3656	2424	1258
7844	9047	2809	591	321
1567	3380	8146	7760	3443
8474	7913	4508	8110	7887
4565	9163	7722	8847	9907
42	9826	1542	6209	8390
988	2273	9570	4649	5015
7884	1069	226	5221	273
7036	4964	633	9309	7163
8310	2910	9125	7452	7146
8389	164	6089	9632	7064
3269	7134	2479	7811	4502
5774	8238	9875	7880	9066
7987	8914	1122	8529	7725
7197	8276	1105	259	8388
458	3277	2513	1863	1554
5846	7778	9634	1563	3131
8041	800	782	2082	2799
6752	6381	9630	1302	2698
4469	6181	8201	1331	6382
3096	6857	8429	5307	2715
634	9149	9065	3223	2759
4254	773	6706	5547	4386
2536	9096	8136	3418	8158
4199	4980	8546	5830	2856
23	3911	7905	3888	8732
4087	5830	7507	1419	7623
8622	7030	9922	1389	1898
7806	8041	4770	5669	9165
9722	13	4966	6529	1160
97	2412	796	2235	7186
6336	7646	2523	7162	7564
5325	8391	1068	8022	6468
7652	4414	4464	164	7063
9496	3453	3497	5298	785
4473	6838	9213	418	5428
9936	6960	5898	9581	2145
672	1528	1452	6262	9468
1132	3937	8552	3415	8440
3673	1827	8114	4597	8481
5918	1700	7614	7995	5900
2469	3037	5018	8328	9538
2489	8622	3680	1260	1024
4809	8896	3338	4747	7204
4288	5048	7754	2595	212
6855	3713	977	4980	4588
1902	2674	8409	7194	7296
5974	9657	8236	5547	4434
2390	1522	3236	5491	1611
7242	5898	5209	9305	4114
1990	8859	4084	4402	787
6834	1419	7432	4215	7526
6963	9720	9527	6430	6497
9339	2847	9858	5032	7138
8429	9539	3710	8363	3689
3789	6485	8244	4910	1287
6952	8484	1996	670	6902
7223	4537	855	1657	9751
5454	7692	3526	1231	5109
2418	7289	2091	3703	5988
1254	6023	5221	9028	7830
9272	5706	6971	1280	6805
8925	131	8868	9356	3752
7551	4634	9521	6506	8682
2726	5229	9566	2677	4854
8677	9862	3453	2992	4264
7916	2616	1507	3048	4452
2513	280	1073	368	5667
2884	7729	6586	896	777
6424	9137	6487	1862	9237
3840	4624	8489	6597	8536
4824	1747	1884	5226	2866
1395	9608	6717	6166	688
5097	4282	4307	1430	3746
3838	100	7570	3644	1173
1853	6725	935	4126	1321
9737	667	6742	3035	1140
4139	1828	3599	4093	1912
3326	7677	6762	5751	6625
3243	564	1198	824	5738
143	9300	6746	989	8858
8222	2381	1541	8213	207
7007	3993	9179	4632	5252
6119	4005	6479	6531	4436
8836	3037	1832	5622	9611
6324	1661	6943	763	30
680	8828	3049	107	9110
7911	7459	1429	8262	5785
3987	164	307	709	6710
2970	9653	901	1354	3285
660	8453	5239	3807	5511
6114	2847	3302	8013	3769
379	9417	5653	6056	2226
4718	2018	1265	6694	6694
6936	2430	6366	9692	2158
498	9085	8489	936	599
5916	9261	7313	578	1725
924	8316	5740	8649	3616
9541	9945	6270	1624	8170
5182	2637	5463	3186	4016
5526	1565	3637	79	9372
5258	2238	7403	9313	8168
5382	6887	53	7272	108
2846	574	7235	2876	5820
4133	5611	2886	3729	3902
5497	1060	4211	4989	2856
6467	9368	664	4305	3003
6231	4428	2827	9361	3044
1553	5143	8318	5282	7689
3605	7923	2222	5548	7948
271	4694	6099	2015	3179
9672	3522	7397	1903	2861
934	9687	1868	1357	8044
674	3688	9062	1184	8380
6734	3002	5117	7382	4804
7219	4237	582	3558	8968
4869	5039	5814	2865	4170
3692	9270	7988	4160	4639
5088	8185	4479	8951	6282
5005	2968	9537	5833	114
6612	7863	7219	9333	7466
851	7482	5687	2771	2555
6041	682	4435	3134	3082
6142	4329	5690	1976	360
6195	7183	7618	1139	8348
4745	5975	789	2999	9174
6835	7092	8990	1460	2888
344	629	5591	8564	7023
7238	7906	345	4122	8071
3176	1183	2008	7713	4205
9490	2221	2504	3267	9047
5626	7015	8486	3460	2941
6037	6096	2927	9511	8174
456	3307	3030	503	4964
3351	9655	7642	3793	5037
7581	5168	7229	8234	9067
2808	9018	2821	785	3405
6069	7476	7172	753	1
9369	6715	8639	1035	8077
2714	2525	4033	1823	6697
6277	8562	2793	5486	8928
4969	5370	8537	2592	4730
5366	9129	8891	5715	6960
2001	6699	2236	8190	2167
18	9294	1650	6027	6124
9690	4488	5933	2070	7745
6161	7920	715	2702	260
9021	9446	6008	5460	8080
7557	8906	9525	9847	2292
9288	7973	2082	9455	3452
1983	458	1448	4662	2577
7927	430	4136	2314	6020
3622	2469	8650	5026	7975
2667	8534	6855	996	9096
6558	7616	2844	5282	9057
2325	2828	2583	741	4255
7591	4701	4033	8313	4700
6893	7827	4045	987	7080
9045	5090	7206	8536	739
7777	9335	2361	4831	6934
4586	9569	6390	3913	2582
828	1027	810	2719	2838
2357	4231	6568	4686	8170
9721	8962	9685	1023	1646
1319	4212	9202	1249	1459
8974	9665	9345	7386	2052
5257	8051	3120	2356	1469
9167	5478	8352	1818	8736
2369	7750	9332	3680	6424
9190	7362	7097	8837	5078
3433	1852	2614	4821	3745
8279	8979	6631	4990	2702
8490	8887	4084	6023	7040
4498	3436	5896	8028	7083
7896	6212	3184	9054	8925
8148	950	9962	7676	2215
2485	8636	5745	6462	5665
6982	6256	7014	6812	1005
3029	7584	1251	7195	3231
4288	171	6032	1060	1220
9798	4865	4719	1737	3586
5630	3653	7039	9331	4257
2912	5678	7210	7785	4263
7349	4339	4728	795	8876
6181	6006	960	4861	8836
2187	2148	3494	9790	4837
2281	7383	1015	564	9164
9873	9036	7583	9972	113
3039	7419	8702	3260	2214
7277	3330	9520	9135	9583
5988	5619	6114	1201	1147
1792	6378	9954	9355	7400
403	3570	6406	2157	6895
847	7118	9051	1721	5044
2634	8130	3950	6051	4001
2704	3329	5719	5510	3572
5791	1878	175	3183	3581
689	5057	1723	9465	5883
8637	8020	8248	5480	1807
9293	8813	1115	4750	5696
2630	2115	5710	6472	1008
2052	4404	6018	1561	202
7620	5796	7846	7086	5905
7413	1033	6308	6449	4371
6217	5285	5176	4064	672
7702	5750	9375	9127	4817
4820	876	8383	3082	31
7406	192	6181	6149	2794
7802	2705	8825	9881	2490
8126	4950	119	2869	1766
5405	5713	1137	417	9112
3458	732	4684	6808	3858
6159	9547	5214	8741	1814
4232	2105	2888	1754	874
8308	8418	7239	6626	7680
3624	2439	3357	444	7954
8946	450	1807	3648	138
2054	4391	1798	3903	9064
3213	5581	9731	704	7821
1615	8645	4381	8117	3492
7244	1942	5744	2382	5409
718	8529	1061	2241	1517
2469	3224	6939	2595	1481
1649	6120	1911	1882	9555
924	9362	6326	9662	616
2303	5224	5701	8840	6865
5467	3131	3164	2282	7275
9437	4997	6117	200	6657
4321	8830	6125	3166	1925
4799	4199	5966	8657	3810
881	6637	1085	5345	5498
2657	4946	5483	3797	2576
5406	708	4834	5784	272
8534	828	1480	5508	4765
4577	6431	9537	5549	4784
8077	1753	442	5547	5560
7964	5650	3254	837	1273
4924	1077	2857	6742	1159
4566	6207	4362	5388	5065
162	1582	9526	8229	3914
7183	1351	8787	3349	6390
5593	8022	1096	8926	9424
2972	9131	3294	2927	1948
566	1081	2809	9917	5887
3975	3686	508	2799	7905
5547	8001	8650	1067	7699
8215	6710	2520	2461	2746
8923	8720	9974	5804	7704
5067	1476	3181	646	8356
485	3679	1253	2200	5867
4409	7094	8010	650	2589
9151	9079	105	3173	6687
18	3657	7670	658	2550
7523	7880	7480	7286	3129
3200	9438	9186	3533	8235
69	8081	7979	2319	1136
224	8749	5434	9163	4136
7127	3021	5895	4335	6863
1130	4070	6403	2407	904
1812	5752	8659	7678	1394
520	5307	2982	7826	2590
8672	9038	26	8226	1600
9906	3116	7970	5057	8111
5380	1829	784	4235	6153
9325	2975	4051	4458	4999
2942	8773	5401	7728	7553
7007	2508	3001	3558	4425
4713	602	3999	3326	9476
9097	6650	189	3064	710
4551	930	7528	6953	4650
9215	5086	1310	7298	9974
3097	4600	6952	7378	2326
2098	9060	4549	4278	7769
4317	1496	6738	2871	5953
3435	3008	6321	9453	4623
3340	2555	8215	2864	5473
9680	6163	8717	3087	8776
7713	1436	7964	8885	2172
8743	1992	2384	6783	743
4666	8285	3707	7752	517
4006	5470	9720	1467	6398
7829	7366	1334	1851	1139
1880	48	4042	6899	6211
7865	6223	7729	9108	6575
7389	2786	3622	3334	6073
2812	9960	6765	9244	9772
474	6710	1899	2635	2410
8245	5573	1814	7878	9856
8403	8288	8460	4089	2776
9275	4490	2501	4809	8053
8050	621	6106	1712	1445
5518	6220	1671	6143	9204
8862	8296	8173	1737	1529
2211	9249	3074	1941	6113
6271	8743	6276	2970	704
6214	7238	6136	3495	3492
1968	69	7807	3439	288
6032	9965	883	7335	1391
6602	4416	3138	3542	6818
5635	5836	4692	6412	6156
2021	4052	4827	9082	1573
7884	3106	5155	6920	8632
2473	2911	8637	4763	2722
7171	7569	2700	5635	404
9673	4456	2051	4712	1452
7207	1417	7401	5075	5459
2409	8789	1926	4446	5463
5878	2273	6814	1401	9097
2803	1417	3507	272	2541
2341	1448	3368	8821	9915
2746	5476	1715	9932	7622
7190	3989	935	454	5517
7634	8736	7881	7880	2980
118	6167	6774	3523	9412
8946	9046	3699	6825	524
1695	5219	7463	142	714
2999	4166	2070	7443	1963
1619	256	129	4098	8994
2865	2607	3156	4397	67
2285	2131	8252	7277	352
161	8301	1602	6149	1560
3004	8075	1750	5406	1637
4702	6724	6546	9067	2260
2496	9116	4332	666	3071
5462	5470	4755	501	303
5409	2677	81	8824	8093
4371	6950	7563	6615	2195
9962	9424	4958	7021	3604
108	5705	680	9527	726
3521	6683	5284	6374	5005
4287	5372	7598	7971	4710
2519	6587	6966	8857	9800
5891	3375	1611	4170	8074
6496	4429	5258	4502	8375
408	8025	1405	4836	8068
734	4908	3632	113	6790
5202	9148	9845	984	4432
3011	2949	4966	2857	855
7639	6379	6808	9507	3733
5944	8388	3009	6713	7383
5149	5055	1101	254	4792
7715	6574	2872	455	8076
9486	86	4566	4553	1775
6657	6357	9901	4339	3045
2133	2031	4705	6397	8180
2957	2303	215	9360	1073
7846	1743	7736	4388	3240
7096	2194	688	9659	4371
1883	736	3148	907	1770
510	3414	9447	554	4928
1394	7842	1402	3915	675
3648	9853	9571	4329	9831
6199	2340	2929	942	4148
6241	5831	8061	1954	552
2165	126	6177	1629	3945
9079	8190	201	9523	2587
4477	1363	6086	4160	3546
8452	8564	4073	7927	4712
7742	9511	6965	7389	523
8507	1357	7509	9182	8409
7014	2271	5384	4829	9418
5743	4855	7893	5076	684
6967	6263	9575	2076	8106
2306	3660	6944	234	9487
5514	8648	8144	7821	2591
6953	7785	9982	7446	6199
3643	2037	2142	8768	5520
3274	7299	3952	1845	1969
5781	6082	2423	9724	4387
833	3733	3085	9124	9634
7306	8788	4786	8439	7315
6112	6013	3225	5752	1829
3621	3938	7393	9937	3228
4442	2250	4669	6968	8269
3956	7237	7860	2113	1490
9409	5020	7327	5088	8469
1536	907	9560	7482	9736
8422	8007	1098	3140	4264
8223	6957	9541	5356	4805
9617	3419	2332	8244	3598
9313	8624	5039	9075	7227
6803	2566	2665	6681	9774
3261	9696	8038	4178	604
7324	9182	4790	1144	693
10	3218	808	6486	336
2387	7756	9177	1121	8528
141	1126	3134	5880	4393
8122	6592	9782	127	7904
9368	8509	8675	199	8938
4378	4187	9935	4881	8325
7980	2822	7257	6435	3218
6557	3358	2615	4354	4323
5258	8854	4807	9410	1113
2258	2562	8833	5701	9169
296	7637	7512	1548	4784
431	5286	8587	9390	2565
2971	4350	6800	4522	7864
2182	5812	1172	3309	1532
129	9029	7385	161	7636
2489	1282	3277	9083	7948
9087	3901	6882	6306	8741
2392	241	6842	3091	3842
9477	8400	7170	4819	1934
6986	8314	8367	9526	4058
2126	201	3586	5830	1655
7350	1119	7823	5848	7779
8320	2752	4929	4274	5457
9414	477	6208	9819	1088
4156	7422	1083	4909	6090
3122	58	1237	9123	9209
6804	6372	2081	4019	5942
4701	3950	7226	282	8880
1881	5623	6022	9516	6836
5086	6313	8885	9583	1272
6152	9217	6511	7005	8712
7229	4718	5366	6330	1131
4919	2712	1973	8658	6416
3048	8400	6122	7790	4266
1550	4388	8410	2764	9409
6907	1109	1541	2669	4708
8398	5736	311	360	1721
1727	9452	2455	6849	7254
6696	3354	2590	2899	4112
2458	4711	2337	5080	3130
9302	1390	2652	9768	818
4111	6047	207	8967	9318
9432	4601	7947	2393	2068
7759	6077	6094	449	3767
2846	1588	8329	5227	5740
8355	4526	9376	6279	6022
7370	1461	5007	2981	3674
3751	1289	5137	7527	2754
5018	7252	1790	6775	8984
8376	6286	283	8599	2911
5413	2642	2896	1813	8392
6602	3059	7297	8523	3471
4856	3519	6671	619	7653
5737	8837	9091	8592	3001
8294	6005	1729	9041	2460
5335	3695	2924	5879	8522
7180	3389	4404	8820	2481
6573	827	2830	6691	6331
2007	19	1183	6482	8529
6155	1914	2198	5401	9122
4115	339	8169	4026	4324
9308	6768	6866	7577	8842
850	9664	7454	9945	8465
5519	8836	6884	6943	1303
7606	578	9567	5722	4996
8327	3386	7842	3051	5152
8564	9800	5311	8572	5658
8185	8647	2791	3561	1803
1516	7186	5608	4913	7350
4413	8132	5825	2880	6164
8769	1825	8928	1790	7225
9267	9270	8173	8923	4142
7281	4227	1307	3530	215
2621	4317	6823	6067	9655
1473	2061	2869	2472	2510
6641	6960	900	4093	4056
1391	9055	6258	5996	9879
8257	3791	8324	3332	9286
8924	6226	6000	9979	8387
5024	4200	4366	8237	9962
6580	6211	484	656	9632
614	7377	2813	887	2810
3116	760	484	6787	6503
5931	9454	5650	3910	1196
4614	1109	7341	1160	871
1580	9814	5468	1377	6799
9190	6429	1549	9592	2893
518	9143	4937	6332	4282
7126	7151	8881	7115	2376
3302	7491	9848	7426	9340
3705	2419	9579	1660	3149
3456	2684	8235	5904	862
6984	7783	6148	7079	6816
8144	7825	5908	7776	5996
4874	9081	238	249	3606
3883	9356	6184	1614	8569
4565	3267	8127	8006	4432
6684	3320	5078	3879	1736
139	4837	6775	1169	9581
1685	9017	8123	2429	518
9145	8810	6639	6361	4645
9611	4935	3678	9252	3825
2881	8003	5167	464	1857
5656	6610	4071	957	9471
4127	2731	2723	7362	7417
8711	1339	1433	8280	9072
1377	3475	6962	4355	9854
7256	4099	178	7018	3733
8517	8958	8622	601	9326
3236	5708	1791	7691	9008
9547	3614	7079	3027	3109
4681	9110	9476	6444	1
5460	7795	1364	4982	6637
4925	1023	9991	2887	7278
2663	5586	8292	1096	9293
2741	5717	2117	1342	8067
2592	4019	5987	9837	9545
6765	714	2954	9859	4818
4601	8240	7573	9281	7165
8648	1416	3829	3899	2102
6468	1834	6566	862	3868
4143	913	1717	4585	7545
4353	7120	2478	3809	1584
5288	5463	1125	3451	5593
6198	3424	1894	9523	7794
8996	6649	9325	3182	9501
8189	3622	1935	6530	7577
6586	7875	2583	4554	8011
5704	1879	363	2847	8008
4870	1507	6888	766	1166
1198	9602	8455	7116	923
6061	8058	6494	6419	4469
1714	7327	4029	7321	5265
4762	3103	6327	1482	4053
1865	212	6525	6524	440
1353	3590	5992	5645	5365
7619	4787	9582	9133	5042
2076	8171	5556	1736	4608
3773	8001	6255	9454	8586
2070	2516	1996	4633	1323
4848	739	4352	9173	5992
7341	3028	9093	3554	5568
5671	9715	2247	4120	679
6477	6417	9816	1530	3261
3311	901	4284	9270	9899
4141	4275	5483	601	3430
107	5560	8885	6850	8786
7000	4018	3025	1463	5417
8768	7991	6962	668	7632
6696	3655	7097	8683	4429
4976	4503	3868	5523	5404
6635	4696	8174	4678	7602
2072	7783	4923	1049	3360
4981	2833	2678	3724	2012
1942	9113	2553	7678	9677
5011	774	1371	1710	3546
4217	9168	1217	5685	3108
5016	7376	6275	4659	4321
7105	3464	2797	7928	8253
6195	1189	6843	9861	3382
7835	8149	9619	1215	4868
4404	8230	228	6401	5755
9355	3094	1643	5378	9956
9516	9027	1487	600	8002
9781	1264	1898	2305	3229
5153	6894	9259	6705	9638
3231	9937	1319	1745	7660
7222	820	5235	1554	3358
6795	407	1593	9268	6509
4756	8744	6397	1074	5800
3459	7476	5269	8907	8463
3115	6242	7416	8717	3077
7774	9060	1160	5413	49
3608	3250	4760	3387	3974
9474	5952	3053	1867	1952
6329	5205	5219	5706	6756
9618	9206	9302	4873	8049
3839	8878	7698	5711	8110
5514	7410	5436	3179	5490
8639	2331	928	3837	2657
1692	6890	1190	9985	9525
3161	4916	7340	2109	4605
2905	9701	7251	567	9054
5863	4614	47	2064	8342
2052	5254	7073	6364	4236
8809	4600	2600	8063	5057
1014	8348	8222	1258	8443
7800	5740	8053	4191	5411
6405	7164	1680	4267	2833
8029	7117	5765	4139	8490
9832	6121	3865	9492	3743
8370	9600	1260	6070	4186
162	4830	8897	9209	2015
8022	7844	4411	4028	7090
7362	8785	3809	2455	7807
271	2935	8204	4249	9417
9277	7394	4459	8577	6776
3190	6745	4318	2537	4359
5552	6047	3471	1273	3323
3582	183	7857	4957	707
4282	90	825	3949	4284
3530	8814	2693	1377	4935
4231	4239	5728	7937	2846
3700	245	4546	4800	3398
3603	6570	4992	2227	7712
7807	5035	5706	1334	9976
1122	3876	6749	768	3616
9800	6789	7664	5215	2893
9637	4319	2677	7988	8408
4991	7061	423	3776	1413
6242	5334	6187	480	3348
8812	6199	1409	5247	1966
5296	4764	5059	5604	8388
6537	4133	4109	445	7052
9432	919	8043	7198	5449
9482	7042	6891	9711	621
1555	9992	2650	7564	2375
3144	9895	8189	453	6794
9879	8262	8118	1422	4835
1587	149	9899	1579	8461
5170	5899	218	7824	2416
4468	7482	3725	9059	7328
8845	1489	5537	7416	414
5620	5158	1681	7713	6523
1491	8201	2611	4830	891
8052	6826	3115	8286	3797
8411	1889	9384	5088	4581
878	5034	8837	2683	9586
4908	8352	7791	310	5321
7977	8303	2271	3825	1399
7157	2989	561	1055	1688
3246	4150	8437	4881	5537
1586	5653	9197	10	3195
8862	7666	6817	1903	461
2152	4998	695	1571	7163
4395	7786	4410	9837	1140
5844	8810	5942	4811	994
233	3525	2817	1953	9913
5931	4723	8950	5150	2577
3866	7054	858	9062	901
6801	3144	3880	4915	3322
1610	3451	2221	5950	2897
3436	3239	8184	6498	8757
2375	971	6761	9525	489
549	6693	5456	649	6798
7711	9733	4882	4308	4421
2918	8401	5986	9750	9255
6018	3233	2832	7119	831
3674	2871	5900	8039	6581
2976	9262	4753	8443	8262
6346	9186	6061	2052	4499
7304	70	4643	9403	9015
714	2892	9199	5767	2943
8384	6455	7588	5883	4144
3236	1630	6256	6278	9849
363	2140	5741	3404	2894
8393	2489	2612	470	8084
5905	9044	9908	1066	968
5308	1972	1469	176	9729
279	1438	9192	1619	142
5986	7836	6903	743	4484
4561	8448	8365	1918	5333
7688	1749	3370	9755	5413
5131	7189	262	3270	1811
1793	3007	2505	2230	8498
6408	4919	3759	8099	185
6903	5922	7330	9677	9152
5811	1998	419	6770	3803
8169	1182	4857	8478	6631
6583	918	2557	164	4445
6105	7698	6684	5788	2085
5836	9013	421	6649	1588
8173	7080	365	8664	7264
1566	5789	2689	1395	5742
7379	7849	2131	5251	3893
7178	3055	1467	4141	7568
5455	8494	7651	6621	3033
8806	430	2510	8101	297
1681	8450	1182	6293	5346
5959	1716	8106	6813	4744
7165	5277	4194	2301	5062
4114	3040	9205	4994	3324
5387	4095	9564	5122	2580
665	5198	5153	5752	3598
6410	6887	5103	7018	8855
3121	100	1059	1940	2701
5745	1469	3750	8289	1604
1725	6535	556	2878	5322
7828	1498	4359	538	3744
8770	1691	4329	6609	4588
3336	2794	7215	8418	5711
2601	97	8840	8176	5121
9992	8816	9359	6164	1824
4540	1820	7186	6639	7609
9268	8446	422	7335	7884
4654	7440	3304	7394	8452
8902	5268	6648	8009	8626
8960	2612	1284	7612	3172
9899	3432	1573	4187	5246
5690	8052	5502	8787	3778
4345	3051	464	1708	6321
9659	2597	9342	6143	2095
6149	7596	4385	3186	4148
7943	612	4821	6499	2555
9696	608	539	2390	3985
3525	3324	4692	569	43
5501	9689	6343	3985	4461
948	4623	3809	521	8335
6921	2515	1312	7530	8090
605	8898	4557	3539	785
5100	6829	7886	7283	3017
2830	2872	1724	7752	2814
7477	7910	8380	9294	4742
1657	8302	6115	3813	4338
1880	1468	9079	4677	5135
8759	4729	9595	1791	8272
251	4935	3155	6110	1529
4021	1569	269	8190	6812
9963	3856	3967	6801	7022
2643	7858	7719	3870	943
3288	831	2438	3781	9930
6817	2318	5666	3610	2013
6969	5748	3423	8045	9778
4634	480	5426	3938	442
3092	8286	6099	6805	2265
9665	3521	7211	5498	404
8559	4551	9679	8101	6491
2534	6232	2776	2868	1823
1851	8743	1030	9925	9801
5284	1749	7385	8610	7578
3383	706	1597	9916	8296
4935	2807	573	7021	5390
5901	4623	8797	7940	7118
4230	914	5350	4257	6570
9897	9343	8153	7987	7405
2747	8581	5155	3384	9777
4167	3302	9015	4645	8076
7330	2529	5652	7943	6063
9775	8247	4117	8783	8938
942	2345	5326	1756	6839
4039	2033	9747	4508	9753
4528	5058	9734	4895	4044
9389	5670	8612	7905	4682
7526	9680	3490	7949	9787
6976	4858	8835	4140	4965
5358	7294	4855	4985	2654
9944	1860	6419	7273	3072
5632	9724	855	5242	6918
3330	3222	6249	6379	4710
5285	3369	2688	4964	8351
153	3668	6183	1936	1298
3243	7278	2446	604	7032
5653	897	5216	6262	7782
2919	959	9186	8336	325
2348	4116	6755	2547	5338
7899	6248	7640	7795	6658
6556	7686	3096	4198	879
85	8192	5856	3555	7630
3416	696	7960	7077	2471
5753	954	8613	3407	1489
758	5856	7790	8147	596
6417	2665	8673	3166	3831
796	9092	3339	8442	9714
7946	288	6603	3476	6088
2005	7953	1460	6012	5946
1195	1033	4401	2937	8324
8743	6244	5497	3634	4381
4911	8190	5825	1508	8097
5854	975	2865	5341	2817
1046	8589	9471	1638	1538
7791	9463	706	2852	1355
8119	2020	3857	376	5799
7895	174	8883	3584	2464
554	6465	7234	7540	3147
7083	9044	5316	4855	4664
7866	637	1908	2034	1586
8083	5987	8508	3754	1130
7715	4791	5660	1721	865
7552	2174	3783	2674	1598
8991	3608	9884	9550	3662
3569	4741	5644	5722	6567
2716	60	4316	4730	3693
9439	9559	1574	331	1114
703	6097	6456	8286	3592
257	9787	6904	1423	3848
1246	6508	5283	8853	2464
5841	2629	2696	3887	1391
3647	7731	7929	7238	5150
1665	6673	1597	6250	7852
7749	8215	1657	7117	5944
7729	3598	1324	98	8303
1883	7723	2416	9637	2954
253	1806	9583	9243	8286
8887	5185	9718	6028	6273
2689	6681	7385	2976	9307
3612	8986	262	9359	5999
2257	7945	5774	774	5374
9473	897	5974	2365	985
6760	5853	5969	1125	8704
3154	1430	4860	6116	1145
5879	1182	1490	3487	146
6732	5820	8161	8259	2618
1087	5137	9441	2574	1608
4779	2521	1603	3827	231
6945	301	3235	3346	1527
2216	5396	3703	2146	882
5821	7206	1618	9992	6610
3382	1782	5140	2282	2263
69	1966	3621	3001	3465
1360	6166	4376	908	6406
1620	3607	9139	9539	5870
9573	4133	2333	1584	1789
6655	1537	5673	9619	2711
5354	5608	388	4054	6337
797	2740	2068	8090	3837
1777	5157	8565	9852	9778
7881	9103	3834	3700	5290
6512	6949	2748	4601	6601
682	2651	334	3871	9708
2077	1529	3166	9908	9500
8988	4329	7891	468	238
296	6961	7755	9870	9961
1046	8091	4222	7161	9753
9646	4340	556	4628	7936
143	4686	4753	6162	3562
2543	8842	1243	2542	7985
5675	8321	2397	7272	5831
2191	4394	415	1398	2987
4902	5326	2072	1274	468
7709	9177	7763	6410	6610
7335	1378	2730	2389	9802
4193	4631	4497	6615	4498
9746	4042	1710	2443	5601
3595	6932	3816	4969	9774
2031	8593	911	7880	5915
1147	2895	8722	1912	3908
4604	1669	5676	401	8440
1278	6805	8594	7283	377
725	3963	7045	4943	9523
2007	7961	3943	9819	3379
5960	9484	809	7386	1432
4962	9301	6916	3966	320
5503	5276	1032	1369	505
8831	310	7252	8897	2008
7400	7308	1441	6314	4042
1165	3482	7338	3652	1964
1277	9938	1886	6370	3119
7921	6570	4637	1453	9288
2437	5477	758	9204	4648
457	7365	8011	9821	2746
8045	4255	3850	4025	95
6634	8406	2587	8176	1368
4831	1460	738	5985	523
590	2578	3360	2594	8455
9060	8036	9598	3659	3125
8483	8101	7666	6493	1449
4242	2094	2939	958	9273
9229	6275	748	6635	4304
2200	1487	7742	5738	434
9544	1590	5796	7250	5318
9344	3826	6792	6607	6811
7213	8532	7468	9993	731
2783	4704	4603	3441	8169
8967	4799	5286	9832	6019
3666	4439	6407	4288	9605
9011	8127	9970	1149	8344
8554	3522	2742	663	1767
3224	7904	7108	1095	862
5303	7204	2653	4334	5027
913	6830	7338	9273	5185
5950	3801	699	7706	5365
3388	7915	7913	2247	3907
880	7117	4558	8157	5760
6619	7429	9723	4464	8340
2053	5950	1027	9404	8108
840	4645	640	8966	9731
4822	7056	7692	3172	3576
3091	4398	3659	9863	5485
2849	5397	6262	8812	2726
7975	2382	2934	6110	7791
8646	1990	4119	1483	2747
9947	4449	3268	9191	6296
2856	2110	8008	2324	6396
749	9435	5246	4784	2662
8622	2427	4936	7077	501
1430	6224	8685	785	7486
6114	2466	9658	6198	2354
3662	1273	2609	2163	9466
9396	2764	920	9440	5939
1767	836	6992	6223	9064
9170	2191	3235	8039	796
9019	1200	8031	5435	7722
2619	6786	8154	4132	2019
8486	2440	5312	1936	6043
201	9337	5135	9025	3169
9535	9176	2963	8753	5877
224	3182	3834	1643	5784
8800	3931	4700	3459	8973
2846	2390	8990	7416	2268
6552	7381	840	258	2394
934	5727	7689	6397	3711
1324	8386	3598	2170	2482
9877	1797	2257	2876	2825
3572	5758	1148	7721	5054
5853	4738	4804	3899	6438
1220	4138	5827	5283	1412
6093	6103	3844	8611	1175
8925	2853	9722	1738	3627
9519	6000	7261	480	2341
754	5481	7461	2477	580
8826	9634	5101	3788	8356
7010	5303	4973	2713	1530
734	256	6192	6134	5206
7249	4737	9217	3604	8960
2127	2197	4369	6193	1714
7217	2631	9305	9058	9788
4055	8845	9245	9188	5514
8825	4678	8021	3099	6851
3731	5685	1794	342	6043
1610	1753	4517	7478	5131
7521	2587	8393	4710	1948
1195	4481	9187	718	1529
3116	5521	4203	6081	7844
9741	3959	8997	4736	8335
2020	1361	6768	9926	2119
5400	3394	6496	7153	5545
5003	1901	5808	4687	9349
5921	8099	4603	2208	7874
5639	2059	6712	3429	8553
1951	4066	2908	602	1320
4714	7743	6143	2696	7519
538	4353	6643	2535	9813
6883	5248	9215	5158	9555
2778	7050	8635	178	6699
7235	1941	1135	7887	7895
7116	2165	9232	5765	8286
3090	1689	9146	7354	3773
1799	3419	8365	47	3524
7912	3896	3291	4758	6159
6886	5061	188	8854	8209
408	4705	6191	8068	3700
8976	6162	5760	8887	9212
4677	2577	1434	1304	3645
9606	7463	2682	6336	1310
8554	2059	7773	9064	7356
4251	5542	6014	1288	6132
9346	514	1824	6533	812
7310	5824	2222	7658	7018
4309	3117	9297	9823	9352
8692	8635	9726	6819	7187
6956	3807	5010	7407	5655
2364	9243	3692	1189	923
9305	2517	2906	2217	6353
3438	8667	7997	5092	1902
7352	9387	3869	8223	7825
9109	6386	4492	9815	8529
9648	7711	2034	8908	3752
1548	7925	3568	7517	5464
7418	8952	3332	1639	8222
4077	1423	51	9387	3609
9682	5342	6241	9460	3626
5426	9100	9688	4020	4625
1383	6284	4081	891	9687
7730	7333	9550	6703	5411
1352	7454	5779	3954	211
5105	5956	2265	3588	5931
5004	4253	671	5913	2479
6509	4183	8765	3731	6793
9489	9580	6124	5623	5390
9904	3645	7525	5930	4512
4790	1250	5180	6608	5171
9815	2596	90	984	2146
951	6157	7007	6639	2047
4057	6538	5636	8152	9641
5572	8268	7561	9028	7122
8389	8089	3775	9771	1657
5640	3187	4252	4206	1156
1734	7025	5544	3213	2054
9899	9234	4056	5850	1410
8950	6528	2822	9071	6073
234	7254	8245	858	6064
5646	4317	8639	6208	1689
8801	6428	2233	1960	4379
6853	4432	6388	6230	1479
1609	3877	1402	4698	5037
7369	3140	9870	547	2253
4236	8829	991	6630	782
1393	7571	7	348	1523
6299	4191	7629	9363	9120
8237	7714	8380	9464	6339
6937	4749	1074	3193	2376
1157	611	1139	2816	7130
701	4403	2215	9228	2222
5203	3153	1186	9547	5635
1944	7463	2931	2637	9700
9727	8850	9765	1652	5034
1560	7647	2329	9705	2799
1988	2887	8884	627	2154
7107	8812	3121	8150	8036
2997	9738	9099	5023	3008
6206	3921	700	719	4080
8268	9574	3299	236	3809
7466	7264	5417	3369	9759
1638	2002	1120	5509	8400
9206	5416	4285	8992	6282
6463	747	8779	1291	2105
4136	7363	8642	3817	6190
8301	5292	7351	9050	3407
3823	2566	7062	8730	535
2847	9009	6545	1276	8126
7433	6989	4477	4867	122
573	5281	3779	3861	7865
1552	6111	1598	6468	8702
3037	7899	6676	373	8338
6537	788	8630	228	3573
2392	6333	4604	9048	4065
4226	7756	2072	2295	7675
4662	4757	2141	3895	721
8236	1238	8150	6610	577
1292	371	387	6378	5287
3502	5000	4686	7005	5501
7689	1739	8115	9307	361
7141	2286	3273	3731	3347
3969	7114	4295	4441	6802
3507	9386	2724	6030	4614
548	4646	2039	7918	445
8980	7209	6249	9794	266
8631	5758	2753	1459	2428
140	553	382	7766	1443
7911	7030	5791	1774	4573
6875	3102	6728	8807	1546
1000	8	8866	9130	9320
4415	5264	8353	4483	9498
9674	8018	4772	6324	862
8675	999	1885	2692	8767
4970	873	8943	9853	7541
6182	8849	1369	7186	1257
5546	4093	9621	5196	5884
6270	96	9219	8653	5191
1574	7563	9261	3864	4014
6650	7436	3438	5743	2270
3645	5104	4185	808	6633
5896	7417	4723	9824	1724
2544	4086	2731	5732	9130
973	1568	1099	3771	200
1921	1117	5299	2850	872
98	859	4343	5793	2362
5929	4778	2478	9759	1592
6299	7947	7602	640	3246
139	1024	3566	7604	9603
4486	3401	6479	7029	5418
3925	7896	5991	893	6331
6630	9726	6410	5195	7299
798	2708	3539	4390	1882
4802	8806	4365	8703	1779
2282	6141	6857	298	3707
3885	8116	8032	5155	4889
2122	2968	7401	1497	1310
8964	4349	4450	1424	9747
9236	9336	1491	8308	5119
1110	2237	3859	3316	2233
108	4178	9506	1636	9370
5634	4731	2625	1872	8921
1037	5921	7478	2551	1866
6065	427	969	9848	5066
9418	7446	9106	2326	1669
2987	8703	6510	8082	945
6527	7083	615	6228	7375
9775	2159	9321	2537	1100
7403	6162	4280	8486	653
9527	6868	2908	2649	5759
9142	2423	8054	2624	4135
2672	4425	5507	3064	7092
6252	7057	6708	7234	8515
2027	3944	4510	2354	7155
330	2048	8879	9537	5974
8472	7737	7283	4221	6280
806	5487	990	4181	2341
4984	9269	417	813	3977
9289	1482	2452	8350	2664
7165	93	2170	3229	2579
2917	5770	8320	4017	7111
8669	422	1383	5801	9372
9891	7589	1043	7457	9504
5122	7123	2397	6854	5493
6548	318	9198	7895	5905
106	4077	7759	2644	1919
1499	6060	343	8254	4557
5817	3345	128	1726	5989
1541	238	7315	5440	676
3847	2722	2737	1840	760
180	5985	5456	9915	6991
5555	3267	2829	7294	5617
9077	5618	7677	2502	6356
6833	5424	9482	287	8674
851	9675	7826	4820	4772
6302	8479	5363	5356	6910
7916	1235	7496	2368	9481
8460	4370	5822	6074	9792
9185	1912	5562	9109	3906
3379	5435	5668	1771	6765
9616	9043	7748	3954	7397
5351	6061	7781	2731	9611
2395	8958	7440	3709	8298
9671	656	6898	1541	3449
6339	132	1632	2370	879
4300	1680	6498	4818	8330
2389	2217	9772	9355	4439
3390	2349	711	7693	8242
7492	5176	4800	5708	1704
4045	5063	9229	7316	9962
9045	2034	9782	9077	2364
2495	9337	8688	4318	7099
4927	7420	6515	2182	7025
4273	9529	9182	1201	7417
7297	3834	8104	7637	7244
6585	887	1703	8082	3019
3468	1108	106	1063	2440
9276	3493	7132	9469	9573
9713	5994	325	1068	9540
5160	4914	4560	582	5904
4803	9603	6916	4588	7624
2599	9520	2332	6362	6259
22	8986	2355	8516	2700
5329	9739	510	9510	8626
4950	5799	5841	818	5894
4564	4304	4687	3451	34
4656	6272	7716	7800	7918
1345	9064	6427	3143	5673
7839	9849	9388	2464	1544
2075	5866	9548	5073	8376
675	5583	2377	2668	8930
2530	6715	1544	5909	6735
4627	5973	3888	1114	7609
1172	5957	5828	384	2671
9566	3874	9013	4131	7721
4567	7774	8537	810	4657
6425	7020	9839	4852	6836
4180	8783	5090	2614	1497
5512	5684	2548	2939	6927
3319	5172	9139	7741	5988
7872	1749	3148	975	438
4870	6632	2337	3007	564
4775	3334	4890	2036	9193
3746	6938	3774	6584	5995
3396	325	4784	3141	8192
9007	9591	8571	9923	3160
57	5755	266	2581	8499
3386	4984	5959	9390	9889
5276	4175	3404	8728	9406
2449	8370	3449	8205	6084
5569	9749	7873	5063	5398
3904	7152	1233	6531	3685
5561	7696	1940	1567	9716
3859	3824	3184	7583	522
5399	4323	8742	4083	1432
5385	6391	2643	8477	3936
6059	3358	7454	8709	1305
7674	7770	7144	7572	4320
7144	5003	364	5286	2280
536	2840	3588	550	4372
3945	4566	6465	9697	9611
7624	3839	3308	7104	1652
2241	7247	7551	7489	8848
6780	5503	6813	3152	3673
2725	8802	7836	50	1334
4895	7457	5604	8822	5661
4625	2465	4780	5505	1898
2433	2712	9719	6979	937
1982	3924	5834	3663	6720
9763	6671	5500	9595	4470
5979	2894	2150	4477	2950
4255	9500	8242	6331	8192
3783	2672	4587	4360	734
2179	5263	960	113	6763
2541	6311	1722	5343	5652
2968	9516	5776	7141	2155
9243	1210	7039	3039	1857
4815	6540	1004	1752	9930
632	4352	8492	6413	6679
2212	1997	3507	4459	3555
6710	2512	773	9482	7176
2431	4460	1112	4832	5704
8830	5219	9851	3332	7321
9154	396	8773	6972	1176
9900	6946	975	8100	6891
1231	4900	6367	1211	3009
7367	7027	7380	8567	8457
810	4111	5273	8700	8387
6944	9768	3750	2449	7953
6986	7207	7593	8483	9713
7926	4857	1102	2522	8914
7740	2738	9447	7208	9150
1848	5211	261	4596	1049
3158	6134	7582	25	8371
9427	7629	9496	873	2168
7895	9887	2759	4936	6972
5485	9341	5599	9873	5141
1239	4524	5072	2135	7341
1448	6326	1706	5938	9100
9989	7993	3463	1835	8702
9236	4839	5357	1623	8487
5741	2223	1899	3936	2082
7514	6846	4823	1644	3914
4113	7343	7049	3396	2868
1570	1836	2841	4709	2695
6966	2333	3505	4729	4331
1132	2291	5054	6291	3850
9368	6337	3701	6068	1378
5729	8676	664	5773	4981
2918	358	742	4508	9616
4693	802	1952	3591	3157
4720	5798	2651	4667	4751
4697	6215	1656	4032	4080
6028	5677	4832	6815	9091
7459	7217	8399	4375	3211
2754	3637	8153	3141	516
8484	4056	9974	9704	1773
9417	1014	4700	123	506
2451	4779	3917	6350	2066
1500	199	5862	7810	6883
709	347	6428	2312	4491
1212	3228	6294	8316	4743
3262	793	6485	7930	9768
7403	3255	1907	6581	5242
4625	3562	2263	299	3067
5583	8812	6154	7976	674
6203	9935	3645	9086	755
3091	9446	1459	5679	4052
8496	2257	2732	7721	2511
8619	6754	9040	2694	6899
9290	3766	7587	1239	5632
4950	7699	508	7829	9844
3439	7359	5367	4931	3787
6717	5156	98	6369	5439
4051	1280	174	4265	5934
7225	9155	4051	4326	5791
6031	8599	9373	4298	9944
7697	9620	3524	5022	2404
4372	8644	8356	9778	794
6839	1	6831	3038	2055
190	1225	3277	4848	4814
1714	5818	4105	6473	4594
7488	6901	9044	8904	29
579	8009	6735	8999	6890
4464	9838	6609	7607	2351
7517	8750	5222	550	7625
2643	8524	9147	3910	5333
1262	1216	6099	7282	6994
9966	24	2901	1805	7085
9913	7244	6059	6271	3427
609	5163	9170	5062	6227
4865	9821	778	7604	2239
9242	4896	916	75	2828
885	7003	3873	3491	2607
1047	27	900	4176	8065
7405	4690	4623	4664	249
9941	8506	1539	4990	8917
9974	984	4566	22	8699
8406	3544	6065	2892	3530
5218	8220	2788	9897	1557
3234	5732	1073	8492	9796
9701	7695	506	2545	2719
5117	1349	2652	468	1118
4053	9112	4222	9758	3929
5011	9607	8226	9215	4375
1859	6679	3589	8397	4344
1531	6016	5399	3292	2628
6814	8176	2273	2752	8257
8779	6960	8431	7594	2539
2230	4200	6006	5163	7848
8773	147	9136	2888	3285
5301	6356	7245	6416	5691
1872	3785	7152	2429	3330
4525	3525	9210	718	8598
9227	7563	7818	6901	4835
70	3334	2542	9186	6006
2663	5200	1422	6870	3620
7662	3700	3031	2057	5491
5530	9948	8069	8210	527
2860	7160	4736	7923	5159
3032	1143	8873	2227	4435
6413	3005	8620	4692	359
5477	7474	2180	6483	7596
4639	2189	2382	8476	9023
9670	5613	1184	9768	7250
8656	6862	7604	6010	2488
1602	5956	9120	1650	9167
7117	7774	5298	3749	7917
1153	2425	9834	4692	2331
8433	5965	7117	9681	4742
8529	8558	7384	8032	4927
2162	930	79	4614	3798
3471	1599	6766	385	2602
4376	5063	1212	1987	9180
7901	5803	955	2568	1262
5019	992	5320	7522	3238
2642	3744	3593	5123	9420
4745	8717	1709	8224	6554
9967	1809	467	4187	1978
4412	2258	1201	8226	1088
3937	83	2837	6437	1035
692	5804	1043	4110	3080
8766	6694	2042	5256	5828
7799	7619	1492	6700	8431
6965	8835	8838	1952	7508
26	8288	8299	1576	1643
7703	1003	4635	9272	5491
923	6028	1003	2874	3491
6679	1034	5003	4907	9322
3537	4758	9072	9990	1132
1630	4545	7931	1128	9926
5426	9725	2996	8769	6309
8875	5257	5750	521	8583
9133	8286	2867	4857	4544
4151	4317	5374	1680	7394
1591	4404	5080	5656	4066
3212	4579	1843	6405	5045
5243	5208	4248	6304	5739
4214	9088	5356	9008	8110
9724	1880	9234	6671	7717
5291	9510	5611	2701	4136
2107	1344	3346	5003	50
9014	9119	1308	538	8225
6877	6088	6540	7808	2850
203	8042	7027	9909	5936
3229	3975	2439	5807	5969
9401	320	8218	3143	8398
1214	7907	2807	4530	7589
6110	2435	395	963	4596
9993	2155	8697	8243	7101
2725	7559	5228	8737	6306
7034	1066	1901	3898	3930
7611	9646	489	1896	6578
428	1392	1742	8559	9157
729	1870	1175	9245	7901
7920	763	6961	9354	7501
7437	2228	663	1876	8681
133	1636	2739	4459	8762
1887	2960	2087	5942	8291
2272	3227	3690	8119	3458
2698	6506	4042	4245	6706
2836	9828	3455	9372	1108
9290	3052	498	5397	7653
8678	9443	31	8872	8172
6052	6040	5823	4243	5557
1486	473	8790	5594	4412
465	5915	7250	5084	9228
1931	2148	8102	1227	8033
8441	9944	7952	8551	9054
8894	5528	9940	5935	5504
9231	2254	9087	7895	9550
722	2517	2835	4814	2639
7807	9770	602	6488	5086
1980	4299	1515	7101	2106
8629	633	7972	56	7371
5377	5516	1321	3369	6226
5816	6685	8847	2240	421
2904	1400	4801	9521	4031
6898	2029	9001	4187	3758
8403	745	3131	1777	5135
8179	8313	171	789	3136
3121	1522	2854	7499	9348
1509	8458	6635	7865	1584
5623	3609	9391	9243	8055
6679	9489	7474	7020	1214
5864	7731	6018	8904	2725
3776	4410	3820	493	2706
6048	6282	5014	3075	6115
8480	5937	5626	2687	4014
4724	5660	1204	7249	1284
5163	5939	2908	2010	9131
4489	4954	2741	9012	3924
602	735	8196	9291	2979
8868	41	8641	6758	3084
2111	8047	6704	1880	4023
9985	8546	1612	3056	7882
717	8004	7113	7840	3952
9334	4885	6183	3079	2504
2882	6548	6282	6021	7293
8013	8531	2874	7964	4330
3461	185	5392	2395	4632
4812	225	7115	1744	9841
1301	9746	933	720	4437
8971	9069	4377	1266	5330
5713	4085	6386	4289	7918
3838	9732	6688	4710	5059
5657	8271	8805	1753	4561
8135	2365	4059	3078	1360
5076	4496	3168	479	6611
1843	5268	7948	9067	6328
5704	8628	5973	1837	2879
553	4403	5144	7717	4525
5702	5336	6089	713	149
39	3795	2336	2906	4538
261	7993	2479	7265	9569
9134	4191	8856	7652	7605
196	2676	8752	3934	4023
1706	5950	3987	8013	1397
713	5204	7830	2486	1142
6135	9939	9328	4198	9964
2248	4433	4916	4529	8514
4842	6082	7595	3499	4393
9650	3759	4042	1520	6899
6805	5558	5643	7961	4132
6308	8832	4683	4827	878
4243	8204	6685	7214	4167
837	1504	9495	9809	2473
5626	5286	5962	4873	1203
8720	9395	4392	8729	7939
9977	1080	948	2025	1051
9171	4168	8407	8344	2611
15	2276	1438	9923	5563
2619	1153	6279	8371	8784
6280	9046	8165	4224	9566
6787	5840	1143	9125	4761
1009	8549	84	9157	2114
4450	9323	1151	5427	6658
8045	6945	7775	7113	3206
1886	1343	8008	3572	9417
7045	1007	7264	1370	7976
184	3508	6446	9463	5194
9805	6204	5789	2564	6796
4505	4123	6567	1730	7710
2368	3314	1462	9486	9480
8370	127	1730	1839	6525
1332	1396	1743	704	6900
8823	5149	8046	3358	3292
8448	2391	7257	5831	7075
5244	2000	74	2847	3547
776	8157	1988	7012	2405
3706	8939	3229	4348	5153
4575	2255	3294	5941	9276
8686	8332	1104	220	9855
80	3744	87	4074	4615
785	4358	3072	5172	727
9773	7904	8925	2260	1611
1497	7351	9787	8015	9959
8754	4434	299	7725	2869
3518	5268	40	3978	9732
3853	6450	81	3675	6520
5441	4357	3983	2318	691
3420	1396	4297	4879	873
4136	9325	4777	4398	8448
6768	192	3810	4507	6234
4793	1963	8422	5526	3047
2096	6381	8644	4281	7296
2597	4309	9424	5340	9517
8675	4980	8322	7916	5275
9385	5988	1485	9810	307
1910	5141	4623	3170	7405
8385	8171	5024	2707	3627
959	7584	999	7643	1776
1291	6075	294	712	5552
4782	1005	3304	2204	9286
3425	3316	7647	2046	5517
3497	6837	9401	7388	4065
8145	1079	1205	8794	1184
1546	6676	3939	3113	4825
4432	6581	9548	9867	8750
268	8079	3178	8281	8778
4396	1107	2558	9828	5883
5077	5149	2666	9196	6231
6157	8932	8307	6973	5148
3748	7153	3756	9492	3828
2752	5926	7439	2777	1966
2488	5104	9179	9623	3372
4861	9639	9168	3826	9779
2673	430	6803	1660	7449
5776	9025	5226	2498	3344
3792	2383	2422	6145	4675
6531	5961	828	4698	8320
8328	7369	8330	1424	7260
5060	5810	6115	8639	938
4723	9329	9866	647	9917
7009	838	3199	7703	2130
6549	7533	4916	1913	8632
5857	324	2773	2510	7804
624	1939	8796	4336	941
391	2212	1904	1625	597
5691	1725	5909	2004	1468
2966	7303	5071	4342	8657
6898	9823	943	2208	507
71	684	3985	9111	8509
884	1747	7747	819	5542
7212	8488	5952	5934	7772
2726	5485	5461	7231	5805
6390	97	1064	8985	8057
1660	4105	1804	1228	6821
7973	1244	4810	1765	7668
8773	4369	342	8462	6114
7353	7991	2714	7774	7509
710	6105	3329	9	8809
7369	9094	9100	5761	3132
7523	670	6005	1671	2956
6213	3677	5235	4527	6470
1719	8768	2270	7167	3192
6482	5820	7224	3417	213
7560	6054	5150	861	3229
4495	6589	6682	5832	8212
156	8162	8074	142	5156
3250	2815	1230	7007	9682
2299	1256	8249	5904	2826
7015	1544	5468	6520	1689
7063	1227	3647	5748	2266
3786	4348	1982	6069	3158
7408	5204	3876	585	9969
503	4250	6689	290	8673
3636	1081	3364	2211	469
4677	975	7131	5497	1074
8725	1303	5049	1032	2729
8622	1826	7835	7750	7930
6332	8848	1100	2845	6308
3709	9883	6496	1160	9406
114	4825	6959	8716	5464
6005	674	6152	7915	2507
8931	6291	7947	9380	2904
1744	4800	7883	4301	3423
3544	253	5440	498	5801
332	8290	8630	4237	9913
4939	1688	4625	2900	7043
8880	1299	9792	2381	9538
3221	3491	885	7951	8132
9540	9604	1443	5962	2190
5125	5355	6060	1555	172
125	6269	2415	1784	9603
1762	9514	4562	4675	5412
3501	6852	5274	6888	5345
2765	1963	8896	3378	6060
2072	7902	8575	5	9159
5319	3070	1731	9707	5163
8477	5854	6377	7994	5627
5749	1015	5232	9189	2299
8798	4151	7521	3973	1550
8996	2722	7239	1880	9164
9161	1091	2361	1040	3356
7347	9427	2458	568	3026
2182	3960	4703	7802	7207
599	8598	3001	9	2686
2639	4672	5703	7883	3521
9527	8351	7579	6063	1007
9535	4713	7110	5197	3774
7994	4603	6293	6252	430
4145	9585	34	5590	2921
1818	6651	2468	6369	3212
9328	5482	395	8627	5220
8787	1508	3877	9568	2335
9143	7705	3835	855	1402
9491	9537	1569	2719	4463
2615	4259	133	5599	2240
9055	8371	7261	6837	2406
8827	7498	5931	6029	1781
1638	1793	8287	127	8171
3447	6910	1834	5664	1616
6386	4846	4028	2751	9223
9953	6215	3922	1597	137
1717	5663	9065	6067	7362
971	8252	3070	7798	4826
5016	2054	3078	6786	6680
3597	4274	1471	9050	1997
8300	5285	2422	2789	4901
9328	6529	5156	8063	7561
9822	4198	6293	8675	2583
7695	6981	9848	5420	7491
3877	3986	3471	6074	1282
1454	9179	7841	6142	7156
1393	546	6582	2776	6922
7522	6042	1755	8434	3695
8909	2044	4825	1461	8107
6478	9206	5724	7353	9656
5027	4129	1516	4095	9524
6825	5749	4146	7461	2290
8994	1320	567	2133	2875
6497	1413	2900	7227	8742
5593	4426	1845	5231	591
3591	6823	4330	6543	3105
8995	4815	1412	5429	3673
7215	5879	555	9956	5456
3798	5786	1084	4897	8141
9361	9246	331	6708	3628
3456	5153	1895	4978	596
455	2393	2978	3681	1238
9914	9054	3136	6586	2278
246	8472	183	533	7485
9018	5273	4356	5873	8875
9989	2402	9486	7803	1532
2931	67	5696	1135	7049
9796	2422	9632	495	3924
1648	2616	83	6345	2221
2013	2276	4318	8162	2927
9143	4367	9767	1803	9569
1775	6718	3584	3295	6650
9615	5118	1967	3479	4612
5608	9537	9350	4268	5128
4560	5973	9804	6168	3274
15	6002	5034	1266	5479
4511	4550	7090	2584	4097
9438	1276	4308	4195	6781
5491	7160	9640	8559	2886
5896	5331	5888	9927	5383
222	4776	5141	6078	3173
1972	8642	4585	4290	5154
8064	4102	7655	1769	5712
9681	9382	2448	1368	4059
4765	4664	9855	5020	9779
1479	4390	80	5126	2544
5532	3384	8389	5650	2312
6883	4283	2008	9644	4464
8767	8314	8897	2896	3559
8013	6355	7196	7060	7970
7149	1127	457	4628	5066
8918	9460	6918	7959	9559
9210	8160	7061	2409	8490
3729	2108	1371	2910	1661
5625	4754	1604	6729	375
7864	196	5138	1222	1695
5447	2893	4556	5208	1581
2865	2986	863	4537	9250
2793	3673	6884	4008	291
8947	9508	4557	6542	2810
2679	1656	5058	6215	5518
2364	1415	4204	9401	1714
3098	1658	1951	4055	585
3084	4492	8089	1443	5723
3236	3060	1779	2399	2717
5544	1471	507	900	6094
1066	6977	402	9979	842
7927	3806	5322	3634	8148
6938	585	9023	7204	5395
6162	1200	4780	1655	3093
3838	6097	1795	8236	9041
649	4299	5099	9184	7773
8792	5054	5829	6647	4387
6111	5617	7519	1508	9813
9562	764	5193	6798	7248
7059	6894	7904	726	1208
3187	5386	6258	2741	8992
9382	117	9584	8593	4468
5707	2237	5846	9201	7197
8960	5633	5032	3161	4622
9220	4810	2715	8350	3886
7079	6876	1718	2135	4744
9562	7392	9444	2074	881
4629	1482	9182	7850	9552
9426	4394	3500	6909	9226
8523	1527	8736	8049	904
3843	9443	4704	6242	7932
3952	2283	8666	4764	2274
5237	5471	1807	7820	5931
1132	3679	3449	5806	7869
8511	2634	4104	7074	2554
3702	3425	129	2106	4011
7608	3600	9461	8443	2700
9931	7211	185	2133	43
2719	2917	3850	1334	8969
8829	202	2871	9299	7424
6265	7337	7782	9568	78
3755	5927	5750	7776	6445
7722	6469	3269	4750	9195
3569	1741	1252	1084	4019
289	306	5502	4053	3280
7928	9023	9569	5329	3641
2984	9936	9416	111	6127
5859	1465	6094	8984	3695
4440	1296	8930	9366	9343
7543	5239	8718	4048	1707
2568	3474	6047	6940	8509
4915	2882	504	7	975
175	749	45	7982	6769
1284	2411	4636	2987	7387
1083	923	4333	7612	4003
1247	1086	9560	7752	2785
6559	3442	8582	8814	1420
9139	665	681	5346	3486
6222	3959	959	4692	4644
8518	6925	3906	3159	9401
1126	8192	7127	2925	3645
1871	6610	523	3597	8856
4552	2017	3057	5369	4735
7678	3607	4276	4682	5790
849	2019	3919	286	9507
7992	1724	5975	1756	9896
3364	9366	971	4862	2640
8105	5237	2567	9856	9259
6947	9456	8542	9201	2096
6156	2778	5661	6241	995
9473	5082	9366	7994	3908
5787	8958	7617	1665	5084
8750	885	1020	5465	9697
3369	7868	6211	5768	4437
5787	302	2056	2059	4431
3613	5956	6507	7855	1881
1329	6407	9482	8496	8783
1810	7730	5814	1285	8143
8766	5085	5325	5723	7564
1562	6724	6945	9046	8854
858	6627	4872	2259	4461
5354	4902	1714	269	2477
3981	7930	8853	423	140
7838	8475	7243	7487	5808
1719	8618	8568	4914	2818
4239	7310	1710	6738	21
2439	4103	6711	8512	1116
4255	1268	4284	2908	5386
7467	4337	1053	7960	8911
5022	9158	9281	181	3876
7106	9403	2489	3260	4694
5403	1187	5785	6722	848
1154	7384	9879	3152	9147
5476	9916	8654	441	8106
4525	1535	8311	8205	6833
6430	8958	426	4760	4026
5935	693	5234	7977	7210
3079	3965	8495	5436	8384
9597	9269	7505	4114	2453
5359	3885	5696	1528	8685
7156	5256	339	2281	806
5479	4400	1974	7408	2157
4178	3270	7621	5763	2384
6875	6958	4388	8238	3440
7078	816	366	4191	6442
9454	662	4983	9921	8888
953	5691	6126	3824	7954
2054	4671	8644	7400	1965
6556	2518	2209	4696	7143
5281	6032	3196	5448	979
4047	7124	789	5099	7994
7179	3560	2321	6787	5819
46	4179	3653	4222	3512
9627	1382	5393	46	4615
356	4904	2325	2167	1891
5584	8407	3686	2408	5062
8205	7121	7127	3996	2138
8104	7368	8214	7507	6891
646	886	7650	744	5181
6990	3678	8705	585	4603
7169	1014	7736	3769	8001
948	5427	7143	3814	5568
8147	4859	8305	6101	1843
1800	6431	6863	2619	4345
647	717	8190	4300	8599
4729	3580	7881	6803	2532
4357	3439	6161	6833	5805
2042	1060	4421	3337	8329
4104	510	4903	4885	5337
3449	9236	8369	5803	4630
6743	2485	403	4737	7480
5808	5100	9438	59	2209
7036	2485	6397	376	6852
5471	914	6550	2831	1748
9188	2722	9773	3323	1523
2555	7855	4689	5872	4790
4320	5092	7637	5559	1196
9253	9576	7959	2103	9809
7481	5384	5557	3136	7582
9353	3994	8178	5229	1081
2946	4833	6670	624	2939
264	1543	8375	7815	9017
8997	1587	1379	8377	5492
4196	1845	6398	5009	4974
3873	9578	8887	3214	4730
9438	6938	256	657	7701
936	5995	490	600	1036
3881	2542	7477	6676	417
1164	5144	5054	6779	618
7901	6134	863	1820	1285
9624	9271	8262	1551	6445
676	1585	8075	6310	4618
809	3482	4142	6178	3434
1450	395	266	5807	711
4788	9696	2355	4943	5601
1845	5092	5521	9027	6190
7021	3381	944	1063	6109
667	2989	6163	1361	8950
2941	6340	5646	3815	8624
9490	4880	5736	5110	5279
8903	8598	6584	7971	261
1160	5581	5533	1809	6447
9902	3112	3534	8203	889
2278	7500	6064	420	3476
4479	1600	37	498	1342
1990	8855	4172	5205	1932
9550	6640	7828	4385	2562
6938	9866	3332	7668	3970
1009	5218	7684	1927	4738
351	795	123	7278	8769
4605	4325	7662	7734	1992
815	3774	8612	9357	1943
5749	367	2057	2846	4020
8712	335	437	832	1658
7039	2910	7571	3053	4245
7742	9571	5591	2943	3408
5303	6145	9153	5985	7791
586	7782	9722	2364	6814
3284	866	9694	9546	569
8227	7349	7956	609	2162
4985	8060	1251	1999	5399
1525	632	9078	5149	1367
5695	8590	6093	4782	1112
7787	4191	7338	1622	6821
9461	4154	9316	5941	822
9971	8830	4309	5321	1422
6347	3827	7130	7487	2336
7743	7518	356	3747	6812
4445	7040	2682	6230	7320
8462	9717	1265	263	7371
9040	4270	2218	6857	466
9878	8	4828	705	2003
7681	6832	2706	8267	8372
2652	6833	5032	9674	3602
9136	4847	1451	9365	1768
4873	8242	5316	3197	3430
5477	5730	9186	8238	6781
8767	2496	323	3673	1674
4994	2413	5059	3790	4076
5123	3148	8232	8166	6047
5928	9804	7209	1368	4943
3422	2642	6166	2898	9761
64	582	8423	3999	2297
2164	9409	6382	6132	2553
962	2768	6058	8492	9015
5447	8663	414	1976	9507
4023	5392	4362	4721	2374
4091	7560	903	6036	5229
6504	148	4106	8433	6730
6053	3116	4936	5344	4282
3445	6220	2091	747	998
9809	6309	6598	4091	4164
2258	3455	6920	2218	4300
3681	984	9804	5389	9304
9834	5717	9927	4583	2729
8952	3933	1101	4160	4262
3860	3030	3375	7663	8902
8094	4144	4162	7480	1454
8114	6466	5683	143	5239
3019	1869	312	6029	4248
1044	4501	224	956	5921
1847	4679	6489	9212	4666
8544	6190	5262	5344	9122
7897	5778	3377	8374	5765
3514	4463	4819	7588	3771
8396	1391	8298	428	8796
9540	3833	1032	6854	1487
3809	4674	6127	7206	6643
8661	456	1025	8596	9498
8862	8646	5274	565	613
7234	682	4793	3028	331
6331	8773	2739	4030	515
1523	7276	8897	3164	5698
3388	6964	5039	1586	4686
1207	8861	212	1846	545
9529	5007	3639	6863	9132
2566	1465	9569	3544	7091
168	1701	5067	7575	9374
6294	243	5263	136	9591
9602	4618	8845	8024	4130
3250	7547	8229	4250	4352
9472	7656	1773	8500	5238
8292	7891	9321	4617	188
6948	2287	4943	4221	5985
9012	3368	205	2874	8028
141	6761	9595	2040	2572
4106	6121	6989	137	8420
5398	2994	8996	7886	3596
7738	6479	6330	8660	2863
6412	2373	9803	132	7578
3259	226	4540	6480	571
2461	3619	8503	2321	7968
6718	6634	8402	8027	6479
4190	9189	2945	5475	6018
2285	8321	7306	711	3565
3325	5985	6861	1650	1246
4446	3992	3779	8045	2713
7872	8073	8169	1097	4776
7543	6594	808	2191	7406
5220	5338	2912	2770	8891
3283	8944	71	4803	1502
7198	5689	2398	4262	3660
9687	6258	9838	3557	4814
5547	3096	3396	5292	5509
2290	8265	2697	1332	7570
8429	122	4525	4764	3302
3754	6860	3307	442	7670
6439	9707	8958	8322	4801
7466	2795	2921	3002	6360
4849	3372	3406	1569	7444
2429	706	6024	7560	5107
1890	7662	5249	8587	916
5519	9856	4069	1151	20
2256	8206	4038	946	4626
8006	8776	5762	6978	8433
188	5603	981	816	1696
2498	2717	7533	2426	9566
4163	1444	591	9466	1887
